 0  0  0  2.4102e+21  4.3876e-03  1.0019e-12
 0  1  0  2.3727e+21  4.6764e-03  1.0045e-12
 0  2  0  2.2568e+21  5.2379e-03  1.1035e-12
 0  3  0  2.3874e+21  5.0904e-03  1.0425e-12
 1  0  0  3.5046e+21  7.9045e-03  1.4519e-12
 1  1  0  3.4144e+21  7.8202e-03  1.6069e-12
 1  2  0  3.0035e+21  8.8405e-03  1.5435e-12
 1  3  0  3.4305e+21  8.5581e-03  1.5919e-12
 2  0  0  4.1747e+21  1.1857e-02  2.0085e-12
 2  1  0  4.3346e+21  1.4297e-02  2.3248e-12
 2  2  0  4.2681e+21  1.6131e-02  2.5307e-12
 2  3  0  4.3302e+21  1.3951e-02  2.2393e-12
 3  0  0  3.5853e+21  1.1135e-02  1.7561e-12
 3  1  0  3.9183e+21  1.4346e-02  2.1529e-12
 3  2  0  4.4876e+21  1.8699e-02  2.6883e-12
 3  3  0  3.9672e+21  1.3450e-02  2.1365e-12
 4  0  0  2.8657e+21  8.6101e-03  1.3999e-12
 4  1  0  3.0429e+21  1.1388e-02  1.6765e-12
 4  2  0  3.8559e+21  1.6816e-02  2.4885e-12
 4  3  0  3.1228e+21  1.2672e-02  1.7917e-12
 0  0  1  2.0084e+21  3.5474e-03  8.5971e-13
 0  1  1  1.9816e+21  3.0717e-03  8.5571e-13
 0  2  1  1.8607e+21  5.1207e-03  8.8996e-13
 0  3  1  1.9777e+21  4.3128e-03  8.7735e-13
 1  0  1  2.9148e+21  6.7857e-03  1.2884e-12
 1  1  1  2.8490e+21  7.6809e-03  1.4045e-12
 1  2  1  2.4927e+21  7.6013e-03  1.3382e-12
 1  3  1  2.8673e+21  8.0739e-03  1.4168e-12
 2  0  1  3.5213e+21  1.1981e-02  1.7074e-12
 2  1  1  3.6856e+21  1.2389e-02  2.0290e-12
 2  2  1  3.5822e+21  1.3991e-02  2.2173e-12
 2  3  1  3.6733e+21  1.2502e-02  1.9651e-12
 3  0  1  3.0320e+21  1.1600e-02  1.6018e-12
 3  1  1  3.3277e+21  1.3628e-02  1.8785e-12
 3  2  1  3.7815e+21  1.8473e-02  2.4255e-12
 3  3  1  3.3340e+21  1.2106e-02  1.8968e-12
 4  0  1  2.4407e+21  8.9796e-03  1.2319e-12
 4  1  1  2.5805e+21  1.0423e-02  1.4536e-12
 4  2  1  3.2589e+21  1.5655e-02  2.1571e-12
 4  3  1  2.6371e+21  1.1639e-02  1.5490e-12
 0  0  2  1.6842e+21  3.7019e-03  7.1005e-13
 0  1  2  1.6458e+21  2.8970e-03  7.2450e-13
 0  2  2  1.5666e+21  3.7312e-03  7.9019e-13
 0  3  2  1.6489e+21  3.9886e-03  8.0895e-13
 1  0  2  2.4279e+21  5.9439e-03  1.1385e-12
 1  1  2  2.3734e+21  6.4185e-03  1.2260e-12
 1  2  2  2.0478e+21  6.6379e-03  1.0926e-12
 1  3  2  2.3669e+21  7.1000e-03  1.1746e-12
 2  0  2  2.9199e+21  9.5622e-03  1.4687e-12
 2  1  2  3.0736e+21  1.1528e-02  1.7957e-12
 2  2  2  2.9839e+21  1.2986e-02  1.9402e-12
 2  3  2  3.0621e+21  1.0971e-02  1.6742e-12
 3  0  2  2.5068e+21  1.1109e-02  1.3735e-12
 3  1  2  2.7873e+21  1.1835e-02  1.6863e-12
 3  2  2  3.1609e+21  1.6573e-02  2.1415e-12
 3  3  2  2.7987e+21  1.3061e-02  1.7209e-12
 4  0  2  2.0471e+21  9.0764e-03  1.0910e-12
 4  1  2  2.1608e+21  9.6112e-03  1.3750e-12
 4  2  2  2.7326e+21  1.3886e-02  1.9446e-12
 4  3  2  2.2050e+21  1.0492e-02  1.3345e-12
 0  0  3  1.4040e+21  2.4434e-03  5.7986e-13
 0  1  3  1.3504e+21  2.9239e-03  6.4075e-13
 0  2  3  1.2982e+21  3.9809e-03  6.7895e-13
 0  3  3  1.3743e+21  3.4276e-03  6.4087e-13
 1  0  3  2.0081e+21  4.9650e-03  9.9719e-13
 1  1  3  1.9676e+21  6.2836e-03  1.0687e-12
 1  2  3  1.6951e+21  7.2772e-03  9.9099e-13
 1  3  3  1.9544e+21  5.2299e-03  1.0549e-12
 2  0  3  2.4175e+21  9.2024e-03  1.3271e-12
 2  1  3  2.5459e+21  1.1886e-02  1.5584e-12
 2  2  3  2.4634e+21  1.1616e-02  1.6866e-12
 2  3  3  2.5585e+21  1.0963e-02  1.4745e-12
 3  0  3  2.0752e+21  9.3797e-03  1.1407e-12
 3  1  3  2.3210e+21  1.0428e-02  1.4664e-12
 3  2  3  2.6415e+21  1.3767e-02  1.8804e-12
 3  3  3  2.3422e+21  1.0472e-02  1.5045e-12
 4  0  3  1.7095e+21  6.7428e-03  9.7923e-13
 4  1  3  1.8161e+21  9.9615e-03  1.2000e-12
 4  2  3  2.2798e+21  1.2215e-02  1.6099e-12
 4  3  3  1.8620e+21  1.0401e-02  1.2195e-12
 0  0  4  1.1693e+21  2.2793e-03  5.4004e-13
 0  1  4  1.1233e+21  3.3550e-03  5.5480e-13
 0  2  4  1.0788e+21  3.3524e-03  5.8932e-13
 0  3  4  1.1172e+21  2.6243e-03  5.2391e-13
 1  0  4  1.6648e+21  5.3807e-03  8.5139e-13
 1  1  4  1.6139e+21  5.8912e-03  9.0763e-13
 1  2  4  1.3892e+21  5.5467e-03  8.9893e-13
 1  3  4  1.6081e+21  5.4218e-03  9.4340e-13
 2  0  4  1.9880e+21  7.6133e-03  1.1128e-12
 2  1  4  2.0971e+21  9.0506e-03  1.2899e-12
 2  2  4  2.0202e+21  1.1361e-02  1.4852e-12
 2  3  4  2.0940e+21  1.0068e-02  1.3745e-12
 3  0  4  1.7047e+21  7.5714e-03  9.7390e-13
 3  1  4  1.9242e+21  1.1293e-02  1.3500e-12
 3  2  4  2.1860e+21  1.2562e-02  1.6256e-12
 3  3  4  1.9292e+21  1.0945e-02  1.2601e-12
 4  0  4  1.4161e+21  6.5082e-03  8.1421e-13
 4  1  4  1.5012e+21  8.5279e-03  9.7379e-13
 4  2  4  1.8863e+21  1.0998e-02  1.4068e-12
 4  3  4  1.5405e+21  8.8705e-03  1.0808e-12
 0  0  5  9.4349e+20  2.2359e-03  4.2116e-13
 0  1  5  9.1514e+20  2.7418e-03  4.7429e-13
 0  2  5  8.7623e+20  3.1383e-03  5.0443e-13
 0  3  5  9.2148e+20  2.4017e-03  4.4642e-13
 1  0  5  1.3455e+21  4.6509e-03  7.0101e-13
 1  1  5  1.3118e+21  5.3908e-03  7.9870e-13
 1  2  5  1.1216e+21  4.4439e-03  6.9283e-13
 1  3  5  1.2946e+21  4.1982e-03  7.2455e-13
 2  0  5  1.6105e+21  7.4210e-03  9.5401e-13
 2  1  5  1.7017e+21  8.3845e-03  1.1444e-12
 2  2  5  1.6341e+21  9.7661e-03  1.2433e-12
 2  3  5  1.6914e+21  8.9414e-03  1.1425e-12
 3  0  5  1.3857e+21  7.0457e-03  8.3087e-13
 3  1  5  1.5622e+21  9.8690e-03  1.0761e-12
 3  2  5  1.7672e+21  1.3072e-02  1.3779e-12
 3  3  5  1.5787e+21  1.0482e-02  1.1625e-12
 4  0  5  1.1694e+21  6.0579e-03  7.1641e-13
 4  1  5  1.2270e+21  8.0948e-03  9.0710e-13
 4  2  5  1.5571e+21  1.0998e-02  1.2478e-12
 4  3  5  1.2642e+21  7.5483e-03  9.3275e-13
 0  0  6  7.5431e+20  2.4173e-03  3.8185e-13
 0  1  6  7.2981e+20  2.0217e-03  3.9212e-13
 0  2  6  7.0187e+20  2.0635e-03  3.9698e-13
 0  3  6  7.3473e+20  2.0768e-03  4.1088e-13
 1  0  6  1.0599e+21  3.6038e-03  6.2916e-13
 1  1  6  1.0282e+21  4.8886e-03  6.4519e-13
 1  2  6  8.9938e+20  4.8845e-03  6.2433e-13
 1  3  6  1.0250e+21  5.0488e-03  6.7758e-13
 2  0  6  1.2650e+21  6.1617e-03  7.9942e-13
 2  1  6  1.3467e+21  8.8605e-03  9.7500e-13
 2  2  6  1.3069e+21  1.0188e-02  1.1373e-12
 2  3  6  1.3357e+21  7.1697e-03  9.0823e-13
 3  0  6  1.1066e+21  6.1537e-03  7.4892e-13
 3  1  6  1.2408e+21  9.0571e-03  9.6426e-13
 3  2  6  1.4075e+21  1.0888e-02  1.1632e-12
 3  3  6  1.2640e+21  6.6463e-03  9.0516e-13
 4  0  6  9.4129e+20  5.4711e-03  6.1692e-13
 4  1  6  9.7989e+20  8.2508e-03  7.5209e-13
 4  2  6  1.2604e+21  9.3869e-03  1.0927e-12
 4  3  6  1.0080e+21  6.8343e-03  7.7241e-13
 0  0  7  5.7184e+20  1.6668e-03  3.2187e-13
 0  1  7  5.6030e+20  2.5027e-03  3.4406e-13
 0  2  7  5.4068e+20  2.7910e-03  3.4871e-13
 0  3  7  5.6276e+20  2.0670e-03  3.4334e-13
 1  0  7  8.0369e+20  3.2133e-03  5.0155e-13
 1  1  7  7.7008e+20  4.0265e-03  4.7402e-13
 1  2  7  6.8301e+20  4.7869e-03  5.5280e-13
 1  3  7  7.7995e+20  4.4315e-03  5.3710e-13
 2  0  7  9.5472e+20  5.2404e-03  6.5503e-13
 2  1  7  1.0312e+21  8.7289e-03  8.2291e-13
 2  2  7  9.9688e+20  9.3797e-03  9.0337e-13
 2  3  7  1.0161e+21  6.4860e-03  8.0274e-13
 3  0  7  8.4419e+20  5.5051e-03  5.9162e-13
 3  1  7  9.3265e+20  7.6332e-03  7.8284e-13
 3  2  7  1.0799e+21  9.2908e-03  9.6934e-13
 3  3  7  9.5368e+20  7.4908e-03  8.1459e-13
 4  0  7  7.2492e+20  4.4279e-03  5.0812e-13
 4  1  7  7.5617e+20  7.6508e-03  5.9562e-13
 4  2  7  9.6387e+20  8.9640e-03  8.5767e-13
 4  3  7  7.8030e+20  7.0121e-03  6.7613e-13
 0  0  8  3.9177e+20  1.2190e-03  2.1131e-13
 0  1  8  3.8335e+20  2.1106e-03  2.6979e-13
 0  2  8  3.7540e+20  2.1512e-03  2.6782e-13
 0  3  8  3.9234e+20  1.8984e-03  2.6506e-13
 1  0  8  5.4926e+20  2.5889e-03  3.9389e-13
 1  1  8  5.2287e+20  2.8886e-03  4.3015e-13
 1  2  8  4.6563e+20  3.6546e-03  3.9966e-13
 1  3  8  5.3974e+20  3.4169e-03  4.1090e-13
 2  0  8  6.4806e+20  4.4158e-03  5.0754e-13
 2  1  8  7.0026e+20  6.1441e-03  6.4690e-13
 2  2  8  6.8638e+20  6.8045e-03  7.2981e-13
 2  3  8  6.8733e+20  5.5222e-03  6.3289e-13
 3  0  8  5.7812e+20  5.1508e-03  5.0735e-13
 3  1  8  6.3599e+20  7.7611e-03  6.5414e-13
 3  2  8  7.4977e+20  8.3623e-03  7.9068e-13
 3  3  8  6.4687e+20  6.2920e-03  6.2154e-13
 4  0  8  4.9918e+20  3.4381e-03  3.5223e-13
 4  1  8  5.3195e+20  5.8192e-03  4.7401e-13
 4  2  8  6.7392e+20  8.8049e-03  7.0418e-13
 4  3  8  5.4450e+20  6.6788e-03  5.2448e-13
